jobs: 20 machines:5
26 38 27 88 95 55 54 63 23 45 86 43 43 40 37 54 35 59 43 50 
59 62 44 10 23 64 47 68 54 9 30 31 92 7 14 95 76 82 91 37 
78 90 64 49 47 20 61 93 36 47 70 54 87 13 40 34 55 13 11 5 
88 54 47 83 84 9 30 11 92 63 62 75 48 23 85 23 4 31 13 98 
69 30 61 35 53 98 94 33 77 31 54 71 78 9 79 51 76 56 80 72 
UB seq: 18 13 5 19 2 9 16 8 17 11 6 14 0 12 15 4 3 10 1 7 UB: 1365
Execution time: 3840137 microseconds
Nodes decomposed: 532107
Optimal makespan: 1359
Optimal job scheduling order: 6 10 17 7 18 15 9 8 20 12 13 11 19 5 2 16 14 4 3 1 
