jobs: 20 machines:5
37 36 1 4 64 74 32 67 73 7 78 64 98 60 89 49 2 79 79 53 
59 16 90 3 76 74 22 30 89 61 39 15 69 57 9 13 71 2 34 49 
65 94 96 47 35 34 84 3 60 34 70 57 8 74 13 37 87 71 89 57 
70 3 43 14 26 83 26 65 47 94 75 30 1 71 46 87 78 76 75 55 
94 98 63 83 19 79 54 78 29 8 38 97 61 10 37 16 78 96 9 91 
UB seq: 3 1 19 17 16 14 0 9 6 8 15 12 7 2 4 11 5 13 10 18 UB: 1291
Execution time: 38407 microseconds
Nodes decomposed: 7103
Optimal makespan: 1230
Optimal job scheduling order: 4 12 10 2 8 1 16 3 6 18 20 17 19 14 13 15 7 11 9 5 
