jobs: 10 machines:15
27 46 87 99 25 40 49 50 85 25 
20 80 9 72 25 78 19 33 21 96 
2 25 93 66 61 10 28 37 91 94 
92 39 12 76 13 75 61 63 74 95 
39 12 36 41 50 43 45 1 16 41 
6 28 81 10 17 62 5 81 60 74 
36 13 79 14 8 81 7 37 40 75 
45 30 20 45 58 72 13 44 18 94 
35 32 92 18 53 42 9 14 17 4 
49 72 28 22 76 28 15 58 9 73 
64 86 10 64 23 42 5 93 61 35 
19 80 96 10 5 74 31 54 5 32 
1 17 51 48 4 91 1 20 97 31 
19 54 84 98 53 10 87 39 43 26 
28 50 5 11 60 61 54 20 9 85 
UB seq: 0 6 4 1 7 5 2 9 3 8 UB: 1309
Execution time: 193841 microseconds
Nodes decomposed: 33057
Optimal makespan: 1307
Optimal job scheduling order: 2 8 5 6 3 1 10 7 4 9 
