jobs: 20 machines:5
79 42 68 53 10 38 26 30 94 58 84 52 98 89 59 77 83 39 66 29 
2 8 56 12 61 41 45 99 62 86 36 80 92 33 55 22 93 9 55 26 
20 96 52 11 7 63 33 64 17 38 44 45 56 32 46 47 2 81 88 11 
99 67 22 71 91 77 97 45 13 45 65 8 86 19 89 30 22 49 88 1 
57 38 51 98 16 19 8 27 80 74 16 82 98 69 74 94 54 38 13 19 
UB seq: 4 5 19 3 17 1 7 11 6 15 9 14 12 0 8 18 2 16 10 13 UB: 1327
Execution time: 11500 microseconds
Nodes decomposed: 2161
Optimal makespan: 1317
Optimal job scheduling order: 1 2 4 5 10 8 16 15 13 19 12 6 17 18 9 7 3 11 14 20 
