jobs: 20 machines:5
11 47 35 94 59 91 11 94 40 70 69 20 93 91 49 53 48 97 57 21 
95 40 84 28 57 6 55 87 65 67 27 89 40 53 3 92 5 46 62 87 
26 98 40 20 88 13 14 33 62 91 16 32 99 91 3 47 18 52 56 27 
46 98 52 31 89 48 13 90 62 49 8 95 95 59 18 81 30 88 20 95 
20 16 98 99 9 73 50 14 41 37 17 9 2 38 64 79 56 75 99 71 
UB seq: 19 16 8 6 5 11 3 1 2 4 9 15 18 17 12 14 0 13 7 10 UB: 1326
Execution time: 123881 microseconds
Nodes decomposed: 19337
Optimal makespan: 1323
Optimal job scheduling order: 20 3 17 18 2 7 5 9 19 16 13 14 1 4 10 8 15 6 12 11 