jobs: 20 machines:5
46 70 31 45 31 69 59 26 86 99 88 63 76 9 78 95 8 18 11 88 
76 88 21 6 37 51 7 19 6 77 51 84 92 66 32 74 99 42 96 47 
39 32 52 39 62 6 92 39 43 56 68 61 77 95 21 56 19 2 92 53 
48 45 90 97 2 31 19 73 90 86 89 83 89 22 27 34 96 12 51 1 
46 86 76 84 76 97 54 71 57 91 3 3 2 87 73 53 13 12 24 30 
UB seq: 7 4 16 14 2 13 0 3 18 5 8 6 11 1 9 12 15 10 19 17 UB: 1255
Execution time: 6474 microseconds
Nodes decomposed: 792
Optimal makespan: 1243
Optimal job scheduling order: 3 1 6 4 14 17 8 7 9 19 10 13 5 2 12 16 15 11 20 18 
