jobs: 20 machines:5
19 16 4 33 12 89 3 3 85 75 74 51 4 20 56 51 94 88 88 7 
67 95 84 7 9 34 48 18 72 41 92 18 49 44 58 16 63 39 43 48 
18 42 94 1 89 61 79 27 41 44 82 56 45 4 59 41 52 11 22 91 
94 40 28 11 27 88 77 30 25 76 96 6 85 49 5 79 19 10 31 69 
90 70 61 28 63 71 15 78 31 17 16 58 12 82 44 17 48 4 76 45 
UB seq: 7 4 13 3 6 19 15 2 17 1 18 0 11 5 10 14 12 16 8 9 UB: 1090
Execution time: 7653 microseconds
Nodes decomposed: 710
Optimal makespan: 1066
Optimal job scheduling order: 5 8 1 7 12 2 14 16 6 19 20 3 11 17 13 15 9 4 10 18 