jobs: 20 machines:5
61 86 16 42 14 92 67 77 46 41 78 3 72 95 53 59 34 66 42 63 
27 92 8 65 34 6 42 39 2 7 85 32 14 74 59 95 48 37 59 4 
42 93 32 30 16 95 58 12 95 21 74 38 4 31 62 39 97 57 9 54 
13 47 6 70 19 97 41 1 57 60 62 14 90 76 12 89 37 35 91 69 
55 48 56 84 22 51 43 50 62 61 10 87 99 40 91 64 62 53 33 16 
Sequential skeleton
Optimal makespan: 1235
Optimal job scheduling order: 3 5 10 9 12 4 16 6 17 19 2 15 13 11 14 7 18 1 20 8 
Execution time: 3825152 microseconds
Nodes decomposed: 560716
